2000 2000 10
808
250
74
659
931
273
545
879
924
710
441
166
493
43
988
504
328
730
841
613
304
170
710
158
561
934
100
279
817
336
98
827
513
268
811
634
980
150
580
822
968
673
394
337
486
746
229
92
195
358
2
154
709
945
669
491
125
197
531
904
723
667
550
25
802
854
978
409
229
934
299
982
636
14
866
815
64
537
426
670
116
95
630
502
518
196
106
405
452
299
189
124
506
883
753
567
717
338
439
145
502
898
872
829
138
359
178
398
295
905
610
232
746
176
636
299
143
400
969
413
261
558
595
9
396
969
114
531
7
963
943
366
83
853
768
822
696
713
672
902
591
832
739
58
617
791
641
680
336
7
973
99
96
320
455
224
290
761
906
127
124
507
814
771
239
95
221
845
367
535
227
395
364
739
845
591
551
160
624
948
386
218
273
540
248
386
497
886
624
421
145
969
736
916
626
535
43
12
680
153
245
296
819
397
693
816
992
34
670
398
554
548
826
211
663
212
809
378
762
626
336
869
996
777
768
440
875
332
557
302
873
561
95
985
756
790
408
16
194
770
681
456
856
507
964
503
677
109
250
332
845
639
809
998
652
850
204
732
532
15
420
776
10
181
930
224
55
261
738
546
318
526
201
257
565
598
649
705
551
151
977
413
555
798
505
382
749
66
379
700
210
130
554
484
448
608
774
323
306
177
54
225
631
367
401
445
371
286
17
899
156
134
558
577
179
267
358
712
879
615
820
738
134
592
721
763
634
198
32
589
590
874
878
305
359
201
255
961
916
948
481
731
956
547
108
239
1
927
36
858
114
115
594
361
355
419
358
586
730
16
564
103
918
644
420
968
748
270
396
304
474
104
749
386
659
460
407
931
825
133
974
604
898
921
951
232
481
204
901
521
534
259
4
677
951
935
781
880
833
575
550
543
250
772
311
880
984
971
41
724
651
972
230
319
747
300
231
622
777
125
245
959
697
772
65
561
599
752
941
504
552
802
206
81
419
275
650
414
321
26
13
784
789
118
9
551
325
196
258
512
691
667
411
594
554
566
961
743
404
353
308
142
911
201
800
128
172
788
415
626
642
518
349
843
316
975
446
374
221
912
240
55
306
930
254
190
167
357
305
861
899
593
721
117
581
868
353
940
699
902
812
617
892
672
729
672
662
46
121
241
159
454
628
351
712
564
595
534
728
828
796
532
443
517
7
516
925
602
98
662
104
325
109
937
282
16
711
217
906
974
782
721
792
170
866
828
537
729
126
385
168
950
477
47
577
667
468
521
385
992
211
259
212
745
519
719
935
826
768
690
819
15
826
919
29
30
35
728
241
755
541
397
936
84
49
866
12
253
65
877
238
676
246
711
416
193
711
748
38
300
448
716
694
580
130
165
980
502
526
290
959
34
801
90
671
218
847
39
544
339
937
322
720
497
248
789
360
988
36
236
913
685
990
785
735
668
520
616
46
977
662
826
820
632
904
699
799
640
5
504
680
766
392
108
925
366
122
455
107
451
704
833
33
142
655
978
218
901
290
466
748
623
880
318
517
49
763
30
40
709
904
658
762
753
467
622
558
997
956
931
495
556
222
313
294
428
233
445
792
199
153
857
571
304
440
915
800
767
836
922
44
753
87
720
151
411
624
670
606
944
312
432
993
817
700
972
640
371
837
892
858
834
329
178
411
684
177
490
92
435
712
905
27
892
791
523
365
891
885
814
442
128
180
785
538
871
562
582
166
803
733
333
855
760
848
378
463
11
820
151
378
942
837
721
300
113
760
957
391
153
49
15
45
919
151
102
296
822
732
502
246
962
58
511
929
806
174
138
670
97
504
422
676
519
301
490
263
55
264
644
890
251
736
416
365
495
964
759
653
93
317
715
421
61
451
369
742
848
197
788
502
235
129
572
449
876
254
872
330
294
720
472
821
765
80
631
411
81
114
343
139
383
45
829
394
576
981
1
597
948
371
88
544
734
853
262
825
401
381
779
858
424
499
15
846
663
510
611
850
219
291
56
744
556
386
535
276
322
152
227
252
460
784
715
438
880
699
101
138
286
879
285
343
916
961
68
141
708
567
729
563
364
970
891
624
279
314
762
11
841
979
1
395
508
657
552
787
432
545
740
777
585
253
109
515
455
20
29
672
371
664
948
25
544
855
9
982
553
289
164
360
20
380
357
462
488
354
900
789
245
881
467
284
275
237
910
568
835
940
685
652
550
267
468
111
590
328
774
582
296
937
875
436
232
973
29
799
71
588
298
90
647
91
112
613
464
113
782
952
231
322
214
129
951
601
960
755
993
195
331
633
560
778
780
633
273
384
82
154
623
522
957
819
592
901
197
121
705
600
130
145
176
871
417
600
81
619
289
453
129
801
663
841
150
386
584
516
660
879
960
562
383
49
55
441
382
771
29
252
545
870
596
470
711
173
924
126
220
851
432
244
847
870
671
395
611
393
65
525
362
520
621
563
662
726
435
950
91
323
261
94
929
123
382
367
469
24
723
640
518
794
365
179
957
772
342
356
837
490
729
121
903
313
617
348
947
852
673
812
524
737
606
608
634
867
554
413
926
41
154
258
734
296
140
252
259
695
161
139
930
876
599
293
634
563
277
237
647
874
465
485
193
120
843
329
860
263
146
717
128
173
749
1
371
399
293
546
929
301
144
193
564
784
273
802
10
222
487
514
770
532
358
820
487
857
817
255
755
815
616
538
967
298
878
761
413
192
232
175
464
878
325
785
834
751
528
1000
430
610
145
365
452
813
980
135
408
584
601
260
311
754
892
322
226
254
930
97
554
662
859
492
964
921
769
688
527
473
220
642
205
952
93
446
371
475
963
177
318
827
414
345
572
980
36
130
289
849
979
618
724
839
509
930
927
969
807
200
256
830
277
489
897
820
865
138
417
319
492
684
399
121
749
962
652
19
978
947
662
479
229
64
236
507
309
969
680
120
324
678
393
954
979
854
296
272
476
205
963
33
820
532
36
469
469
611
235
271
779
266
46
280
76
328
688
364
38
767
535
84
676
185
556
157
400
665
94
887
634
925
48
195
331
768
666
911
683
806
315
653
242
586
592
807
761
961
913
404
431
86
201
586
468
485
989
201
687
101
496
200
103
429
184
918
137
803
490
579
726
790
723
596
606
320
692
722
775
515
863
707
284
627
420
802
331
645
376
259
463
132
737
721
309
25
948
509
412
398
1
315
897
1000
646
534
963
540
755
822
287
537
11
663
174
494
636
989
572
839
822
892
414
561
958
93
744
776
769
414
416
637
892
348
370
833
135
929
144
880
907
55
808
538
204
422
448
35
950
417
760
939
551
184
187
97
686
525
923
364
182
13
252
203
496
537
455
209
981
32
831
96
715
113
137
938
10
686
920
382
611
909
610
440
868
120
267
1000
521
516
578
923
143
981
882
886
31
326
437
995
946
603
234
481
457
835
518
882
782
459
806
993
161
652
202
543
945
636
556
873
444
323
14
442
782
780
519
161
730
956
83
365
33
314
196
329
505
856
712
882
611
905
552
617
762
865
406
123
114
944
637
119
995
189
744
640
503
344
71
220
213
318
933
783
98
860
74
591
820
11
912
16
979
543
46
271
563
9
984
100
710
214
551
952
666
503
618
954
300
917
585
870
443
504
516
330
258
383
265
353
155
527
28
756
260
953
387
423
130
787
550
880
199
891
604
687
444
828
586
199
588
818
32
477
462
564
215
384
833
723
512
792
872
143
734
554
31
381
705
916
888
111
682
559
787
434
41
660
937
563
939
755
527
527
713
596
622
178
342
159
55
21
198
728
452
463
333
938
805
58
406
908
944
259
540
344
698
282
966
458
606
118
413
625
185
460
300
217
741
852
847
923
894
616
50
362
650
232
797
124
697
445
251
239
432
360
936
266
802
388
438
949
121
425
895
776
904
990
287
846
144
258
333
262
579
105
203
32
221
687
631
644
368
649
845
318
750
126
274
864
417
681
349
980
958
815
706
190
308
906
528
615
716
309
898
450
496
30
27
867
399
986
663
519
854
580
204
384
724
560
222
175
35
676
703
437
280
916
751
14
851
493
949
84
982
848
209
707
179
307
268
115
911
471
359
618
947
305
657
664
638
899
735
657
509
13
114
281
725
105
614
74
963
980
378
270
148
632
754
634
740
521
195
598
425
872
959
321
949
19
402
518
393
614
581
357
941
595
869
671
464
650
135
426
872
892
651
218
11
655
526
902
495
393
35
971
547
188
122
566
590
972
866
161
111
776
110
695
324
535
475
415
495
424
876
78
358
628
223
575
173
840
40
184
418
531
891
607
897
13
896
939
517
322
685
228
579
461
973
488
636
582
527
195
31
296
259
420
213
444
313
707
629
594
927
227
727
734
982
297
393
62
10
378
125
523
241
53
816
181
293
152
53
974
678
418
627
466
262
740
850
8
720
431
377
826
582
328
660
498
194
226
830
823
349
554
880
469
228
425
432
278
407
501
273
602
931
699
78
550
295
128
653
60
578
671
152
225
85
21
16
220
178
696
896
665
601
119
118
724
618
755
569
1 2 588
2 3 576
3 4 914
4 5 123
5 6 158
6 7 717
7 8 583
8 9 143
9 10 963
10 11 9
11 12 441
12 13 306
13 14 171
14 15 407
15 16 202
16 17 720
17 18 621
18 19 963
19 20 318
20 21 136
21 22 753
22 23 895
23 24 236
24 25 611
25 26 832
26 27 364
27 28 852
28 29 848
29 30 452
30 31 111
31 32 550
32 33 448
33 34 235
34 35 749
35 36 224
36 37 89
37 38 772
38 39 933
39 40 960
40 41 257
41 42 346
42 43 703
43 44 724
44 45 890
45 46 820
46 47 495
47 48 887
48 49 108
49 50 393
50 51 501
51 52 947
52 53 402
53 54 366
54 55 745
55 56 757
56 57 475
57 58 918
58 59 776
59 60 696
60 61 867
61 62 865
62 63 492
63 64 792
64 65 941
65 66 757
66 67 60
67 68 898
68 69 98
69 70 310
70 71 564
71 72 23
72 73 86
73 74 900
74 75 520
75 76 721
76 77 393
77 78 149
78 79 54
79 80 777
80 81 877
81 82 834
82 83 798
83 84 194
84 85 904
85 86 9
86 87 375
87 88 767
88 89 304
89 90 631
90 91 582
91 92 187
92 93 726
93 94 670
94 95 426
95 96 159
96 97 186
97 98 400
98 99 422
99 100 115
100 101 261
101 102 57
102 103 873
103 104 54
104 105 854
105 106 776
106 107 582
107 108 556
108 109 163
109 110 49
110 111 746
111 112 453
112 113 471
113 114 632
114 115 401
115 116 264
116 117 548
117 118 920
118 119 371
119 120 202
120 121 960
121 122 583
122 123 580
123 124 997
124 125 30
125 126 502
126 127 657
127 128 931
128 129 582
129 130 421
130 131 363
131 132 152
132 133 46
133 134 171
134 135 455
135 136 158
136 137 94
137 138 16
138 139 809
139 140 862
140 141 967
141 142 174
142 143 879
143 144 87
144 145 31
145 146 53
146 147 27
147 148 380
148 149 711
149 150 433
150 151 952
151 152 773
152 153 302
153 154 188
154 155 880
155 156 609
156 157 538
157 158 37
158 159 203
159 160 479
160 161 124
161 162 89
162 163 575
163 164 510
164 165 597
165 166 124
166 167 763
167 168 124
168 169 847
169 170 880
170 171 156
171 172 675
172 173 723
173 174 432
174 175 658
175 176 972
176 177 580
177 178 195
178 179 528
179 180 657
180 181 37
181 182 217
182 183 348
183 184 814
184 185 585
185 186 258
186 187 861
187 188 558
188 189 601
189 190 237
190 191 514
191 192 534
192 193 476
193 194 911
194 195 163
195 196 267
196 197 807
197 198 109
198 199 508
199 200 174
200 201 538
201 202 897
202 203 56
203 204 225
204 205 467
205 206 409
206 207 834
207 208 562
208 209 558
209 210 572
210 211 577
211 212 115
212 213 915
213 214 290
214 215 736
215 216 860
216 217 639
217 218 695
218 219 461
219 220 928
220 221 344
221 222 843
222 223 456
223 224 122
224 225 712
225 226 581
226 227 613
227 228 810
228 229 691
229 230 484
230 231 546
231 232 439
232 233 435
233 234 939
234 235 765
235 236 482
236 237 841
237 238 551
238 239 119
239 240 176
240 241 599
241 242 275
242 243 688
243 244 843
244 245 589
245 246 821
246 247 783
247 248 806
248 249 735
249 250 221
250 251 47
251 252 904
252 253 621
253 254 851
254 255 976
255 256 363
256 257 343
257 258 71
258 259 439
259 260 143
260 261 116
261 262 736
262 263 178
263 264 735
264 265 268
265 266 875
266 267 581
267 268 391
268 269 697
269 270 7
270 271 882
271 272 44
272 273 273
273 274 356
274 275 639
275 276 976
276 277 621
277 278 376
278 279 987
279 280 198
280 281 306
281 282 538
282 283 596
283 284 784
284 285 496
285 286 177
286 287 884
287 288 83
288 289 828
289 290 152
290 291 600
291 292 306
292 293 952
293 294 378
294 295 7
295 296 791
296 297 596
297 298 397
298 299 662
299 300 232
300 301 726
301 302 607
302 303 380
303 304 471
304 305 25
305 306 358
306 307 123
307 308 54
308 309 474
309 310 281
310 311 504
311 312 84
312 313 935
313 314 583
314 315 858
315 316 564
316 317 42
317 318 638
318 319 830
319 320 688
320 321 787
321 322 952
322 323 95
323 324 623
324 325 631
325 326 631
326 327 155
327 328 507
328 329 220
329 330 718
330 331 484
331 332 140
332 333 914
333 334 693
334 335 640
335 336 145
336 337 69
337 338 84
338 339 430
339 340 866
340 341 806
341 342 388
342 343 941
343 344 288
344 345 198
345 346 680
346 347 569
347 348 364
348 349 901
349 350 1000
350 351 448
351 352 502
352 353 489
353 354 206
354 355 321
355 356 245
356 357 573
357 358 77
358 359 431
359 360 320
360 361 970
361 362 989
362 363 630
363 364 153
364 365 133
365 366 559
366 367 608
367 368 682
368 369 563
369 370 217
370 371 410
371 372 246
372 373 549
373 374 686
374 375 709
375 376 814
376 377 868
377 378 106
378 379 615
379 380 655
380 381 336
381 382 471
382 383 164
383 384 980
384 385 959
385 386 40
386 387 60
387 388 946
388 389 524
389 390 749
390 391 745
391 392 178
392 393 738
393 394 492
394 395 43
395 396 499
396 397 778
397 398 5
398 399 383
399 400 557
400 401 176
401 402 134
402 403 211
403 404 293
404 405 671
405 406 271
406 407 954
407 408 354
408 409 329
409 410 129
410 411 874
411 412 83
412 413 772
413 414 301
414 415 406
415 416 456
416 417 622
417 418 385
418 419 935
419 420 848
420 421 329
421 422 489
422 423 786
423 424 309
424 425 159
425 426 775
426 427 924
427 428 262
428 429 873
429 430 925
430 431 336
431 432 390
432 433 857
433 434 345
434 435 999
435 436 748
436 437 896
437 438 968
438 439 384
439 440 577
440 441 944
441 442 837
442 443 538
443 444 147
444 445 363
445 446 758
446 447 943
447 448 597
448 449 904
449 450 382
450 451 282
451 452 295
452 453 789
453 454 805
454 455 656
455 456 688
456 457 984
457 458 218
458 459 566
459 460 294
460 461 257
461 462 939
462 463 852
463 464 488
464 465 191
465 466 681
466 467 833
467 468 527
468 469 430
469 470 708
470 471 415
471 472 618
472 473 926
473 474 639
474 475 527
475 476 546
476 477 358
477 478 126
478 479 308
479 480 880
480 481 552
481 482 642
482 483 960
483 484 982
484 485 466
485 486 326
486 487 495
487 488 894
488 489 65
489 490 564
490 491 430
491 492 502
492 493 873
493 494 941
494 495 54
495 496 330
496 497 233
497 498 281
498 499 360
499 500 475
500 501 41
501 502 777
502 503 590
503 504 705
504 505 19
505 506 969
506 507 487
507 508 267
508 509 663
509 510 375
510 511 699
511 512 822
512 513 28
513 514 416
514 515 228
515 516 842
516 517 410
517 518 159
518 519 936
519 520 766
520 521 762
521 522 762
522 523 833
523 524 273
524 525 220
525 526 195
526 527 804
527 528 255
528 529 132
529 530 517
530 531 305
531 532 684
532 533 475
533 534 114
534 535 412
535 536 545
536 537 709
537 538 760
538 539 806
539 540 673
540 541 793
541 542 173
542 543 216
543 544 230
544 545 514
545 546 144
546 547 481
547 548 510
548 549 306
549 550 185
550 551 50
551 552 512
552 553 210
553 554 384
554 555 849
555 556 786
556 557 308
557 558 761
558 559 581
559 560 990
560 561 64
561 562 734
562 563 567
563 564 586
564 565 201
565 566 586
566 567 443
567 568 175
568 569 392
569 570 664
570 571 894
571 572 304
572 573 199
573 574 364
574 575 762
575 576 992
576 577 178
577 578 90
578 579 798
579 580 830
580 581 713
581 582 570
582 583 861
583 584 532
584 585 466
585 586 712
586 587 514
587 588 97
588 589 51
589 590 805
590 591 124
591 592 889
592 593 723
593 594 821
594 595 817
595 596 366
596 597 378
597 598 373
598 599 613
599 600 381
600 601 77
601 602 901
602 603 42
603 604 619
604 605 476
605 606 920
606 607 944
607 608 764
608 609 782
609 610 59
610 611 583
611 612 468
612 613 153
613 614 552
614 615 462
615 616 896
616 617 618
617 618 430
618 619 628
619 620 992
620 621 287
621 622 461
622 623 457
623 624 993
624 625 2
625 626 240
626 627 412
627 628 385
628 629 971
629 630 514
630 631 671
631 632 309
632 633 986
633 634 121
634 635 358
635 636 246
636 637 298
637 638 880
638 639 200
639 640 703
640 641 784
641 642 168
642 643 420
643 644 970
644 645 138
645 646 830
646 647 800
647 648 619
648 649 219
649 650 806
650 651 816
651 652 838
652 653 316
653 654 130
654 655 25
655 656 916
656 657 967
657 658 473
658 659 497
659 660 161
660 661 779
661 662 280
662 663 372
663 664 325
664 665 446
665 666 781
666 667 578
667 668 559
668 669 955
669 670 116
670 671 609
671 672 622
672 673 609
673 674 946
674 675 853
675 676 96
676 677 212
677 678 11
678 679 161
679 680 283
680 681 911
681 682 283
682 683 111
683 684 302
684 685 861
685 686 636
686 687 21
687 688 685
688 689 7
689 690 606
690 691 709
691 692 778
692 693 625
693 694 50
694 695 994
695 696 545
696 697 417
697 698 625
698 699 82
699 700 62
700 701 986
701 702 639
702 703 204
703 704 508
704 705 23
705 706 14
706 707 296
707 708 852
708 709 184
709 710 699
710 711 858
711 712 801
712 713 357
713 714 90
714 715 802
715 716 500
716 717 11
717 718 675
718 719 296
719 720 529
720 721 692
721 722 648
722 723 582
723 724 294
724 725 521
725 726 169
726 727 416
727 728 477
728 729 525
729 730 54
730 731 765
731 732 488
732 733 796
733 734 520
734 735 694
735 736 807
736 737 506
737 738 232
738 739 379
739 740 350
740 741 231
741 742 210
742 743 388
743 744 633
744 745 975
745 746 985
746 747 271
747 748 554
748 749 912
749 750 389
750 751 165
751 752 939
752 753 689
753 754 608
754 755 663
755 756 159
756 757 817
757 758 176
758 759 978
759 760 493
760 761 378
761 762 30
762 763 291
763 764 861
764 765 752
765 766 28
766 767 522
767 768 440
768 769 741
769 770 365
770 771 778
771 772 137
772 773 6
773 774 12
774 775 685
775 776 656
776 777 976
777 778 160
778 779 540
779 780 650
780 781 900
781 782 173
782 783 975
783 784 991
784 785 467
785 786 743
786 787 223
787 788 22
788 789 461
789 790 835
790 791 448
791 792 294
792 793 418
793 794 102
794 795 366
795 796 249
796 797 775
797 798 333
798 799 389
799 800 766
800 801 259
801 802 3
802 803 311
803 804 720
804 805 311
805 806 438
806 807 993
807 808 737
808 809 849
809 810 9
810 811 751
811 812 934
812 813 320
813 814 38
814 815 633
815 816 695
816 817 594
817 818 11
818 819 812
819 820 906
820 821 459
821 822 208
822 823 554
823 824 575
824 825 665
825 826 908
826 827 803
827 828 815
828 829 870
829 830 440
830 831 515
831 832 88
832 833 596
833 834 449
834 835 68
835 836 314
836 837 868
837 838 561
838 839 254
839 840 671
840 841 884
841 842 957
842 843 369
843 844 227
844 845 401
845 846 323
846 847 438
847 848 200
848 849 572
849 850 897
850 851 418
851 852 342
852 853 159
853 854 436
854 855 889
855 856 472
856 857 874
857 858 108
858 859 921
859 860 293
860 861 194
861 862 553
862 863 190
863 864 14
864 865 829
865 866 604
866 867 199
867 868 418
868 869 551
869 870 989
870 871 547
871 872 44
872 873 366
873 874 689
874 875 812
875 876 767
876 877 444
877 878 639
878 879 5
879 880 168
880 881 758
881 882 123
882 883 47
883 884 332
884 885 704
885 886 121
886 887 28
887 888 465
888 889 952
889 890 206
890 891 730
891 892 843
892 893 417
893 894 189
894 895 151
895 896 686
896 897 303
897 898 674
898 899 46
899 900 398
900 901 116
901 902 253
902 903 389
903 904 387
904 905 529
905 906 718
906 907 623
907 908 724
908 909 327
909 910 197
910 911 662
911 912 80
912 913 885
913 914 843
914 915 891
915 916 598
916 917 629
917 918 312
918 919 344
919 920 545
920 921 453
921 922 926
922 923 239
923 924 73
924 925 388
925 926 458
926 927 516
927 928 328
928 929 762
929 930 783
930 931 978
931 932 145
932 933 229
933 934 814
934 935 536
935 936 902
936 937 240
937 938 724
938 939 324
939 940 965
940 941 992
941 942 459
942 943 960
943 944 344
944 945 749
945 946 528
946 947 453
947 948 134
948 949 9
949 950 542
950 951 122
951 952 900
952 953 470
953 954 731
954 955 382
955 956 577
956 957 214
957 958 508
958 959 155
959 960 399
960 961 470
961 962 416
962 963 681
963 964 648
964 965 828
965 966 476
966 967 789
967 968 187
968 969 865
969 970 248
970 971 707
971 972 39
972 973 628
973 974 703
974 975 332
975 976 80
976 977 758
977 978 147
978 979 728
979 980 441
980 981 739
981 982 442
982 983 843
983 984 503
984 985 466
985 986 370
986 987 12
987 988 909
988 989 503
989 990 844
990 991 374
991 992 81
992 993 837
993 994 3
994 995 565
995 996 971
996 997 402
997 998 588
998 999 41
999 1000 109
1000 1001 956
1001 1002 206
1002 1003 788
1003 1004 415
1004 1005 402
1005 1006 666
1006 1007 1000
1007 1008 160
1008 1009 458
1009 1010 391
1010 1011 44
1011 1012 883
1012 1013 483
1013 1014 904
1014 1015 240
1015 1016 185
1016 1017 262
1017 1018 605
1018 1019 433
1019 1020 28
1020 1021 785
1021 1022 525
1022 1023 857
1023 1024 415
1024 1025 708
1025 1026 949
1026 1027 609
1027 1028 905
1028 1029 988
1029 1030 836
1030 1031 733
1031 1032 137
1032 1033 758
1033 1034 526
1034 1035 565
1035 1036 955
1036 1037 329
1037 1038 234
1038 1039 624
1039 1040 231
1040 1041 245
1041 1042 371
1042 1043 133
1043 1044 305
1044 1045 286
1045 1046 680
1046 1047 165
1047 1048 656
1048 1049 127
1049 1050 680
1050 1051 411
1051 1052 721
1052 1053 591
1053 1054 502
1054 1055 225
1055 1056 350
1056 1057 968
1057 1058 803
1058 1059 711
1059 1060 505
1060 1061 764
1061 1062 161
1062 1063 965
1063 1064 929
1064 1065 928
1065 1066 102
1066 1067 601
1067 1068 383
1068 1069 545
1069 1070 986
1070 1071 70
1071 1072 824
1072 1073 856
1073 1074 769
1074 1075 679
1075 1076 928
1076 1077 870
1077 1078 275
1078 1079 422
1079 1080 238
1080 1081 558
1081 1082 321
1082 1083 790
1083 1084 813
1084 1085 243
1085 1086 684
1086 1087 803
1087 1088 542
1088 1089 153
1089 1090 68
1090 1091 988
1091 1092 289
1092 1093 108
1093 1094 34
1094 1095 833
1095 1096 282
1096 1097 504
1097 1098 233
1098 1099 428
1099 1100 751
1100 1101 986
1101 1102 971
1102 1103 20
1103 1104 24
1104 1105 866
1105 1106 575
1106 1107 218
1107 1108 819
1108 1109 794
1109 1110 201
1110 1111 535
1111 1112 792
1112 1113 358
1113 1114 120
1114 1115 546
1115 1116 794
1116 1117 613
1117 1118 80
1118 1119 970
1119 1120 519
1120 1121 831
1121 1122 499
1122 1123 550
1123 1124 658
1124 1125 191
1125 1126 769
1126 1127 809
1127 1128 427
1128 1129 873
1129 1130 653
1130 1131 118
1131 1132 994
1132 1133 612
1133 1134 442
1134 1135 732
1135 1136 708
1136 1137 269
1137 1138 764
1138 1139 802
1139 1140 923
1140 1141 738
1141 1142 259
1142 1143 979
1143 1144 47
1144 1145 195
1145 1146 164
1146 1147 584
1147 1148 911
1148 1149 85
1149 1150 774
1150 1151 788
1151 1152 233
1152 1153 770
1153 1154 308
1154 1155 763
1155 1156 485
1156 1157 149
1157 1158 136
1158 1159 631
1159 1160 699
1160 1161 595
1161 1162 627
1162 1163 51
1163 1164 135
1164 1165 816
1165 1166 69
1166 1167 592
1167 1168 600
1168 1169 372
1169 1170 570
1170 1171 602
1171 1172 397
1172 1173 411
1173 1174 874
1174 1175 593
1175 1176 12
1176 1177 129
1177 1178 901
1178 1179 513
1179 1180 380
1180 1181 540
1181 1182 70
1182 1183 852
1183 1184 415
1184 1185 865
1185 1186 885
1186 1187 612
1187 1188 645
1188 1189 992
1189 1190 128
1190 1191 442
1191 1192 400
1192 1193 398
1193 1194 496
1194 1195 7
1195 1196 292
1196 1197 912
1197 1198 539
1198 1199 883
1199 1200 454
1200 1201 319
1201 1202 124
1202 1203 4
1203 1204 981
1204 1205 809
1205 1206 874
1206 1207 938
1207 1208 181
1208 1209 900
1209 1210 294
1210 1211 250
1211 1212 144
1212 1213 819
1213 1214 947
1214 1215 76
1215 1216 776
1216 1217 282
1217 1218 777
1218 1219 331
1219 1220 336
1220 1221 129
1221 1222 449
1222 1223 198
1223 1224 163
1224 1225 662
1225 1226 248
1226 1227 338
1227 1228 815
1228 1229 196
1229 1230 631
1230 1231 808
1231 1232 857
1232 1233 326
1233 1234 344
1234 1235 667
1235 1236 16
1236 1237 851
1237 1238 143
1238 1239 76
1239 1240 524
1240 1241 866
1241 1242 13
1242 1243 30
1243 1244 381
1244 1245 974
1245 1246 158
1246 1247 557
1247 1248 224
1248 1249 354
1249 1250 7
1250 1251 953
1251 1252 377
1252 1253 363
1253 1254 939
1254 1255 212
1255 1256 267
1256 1257 295
1257 1258 310
1258 1259 683
1259 1260 397
1260 1261 10
1261 1262 297
1262 1263 645
1263 1264 736
1264 1265 766
1265 1266 659
1266 1267 4
1267 1268 904
1268 1269 405
1269 1270 847
1270 1271 956
1271 1272 951
1272 1273 176
1273 1274 628
1274 1275 964
1275 1276 153
1276 1277 712
1277 1278 785
1278 1279 988
1279 1280 117
1280 1281 278
1281 1282 252
1282 1283 291
1283 1284 684
1284 1285 221
1285 1286 1000
1286 1287 791
1287 1288 243
1288 1289 312
1289 1290 837
1290 1291 263
1291 1292 661
1292 1293 270
1293 1294 715
1294 1295 279
1295 1296 67
1296 1297 958
1297 1298 900
1298 1299 851
1299 1300 20
1300 1301 299
1301 1302 644
1302 1303 969
1303 1304 177
1304 1305 502
1305 1306 47
1306 1307 489
1307 1308 721
1308 1309 482
1309 1310 250
1310 1311 712
1311 1312 348
1312 1313 845
1313 1314 477
1314 1315 797
1315 1316 79
1316 1317 257
1317 1318 237
1318 1319 663
1319 1320 640
1320 1321 640
1321 1322 480
1322 1323 488
1323 1324 267
1324 1325 101
1325 1326 607
1326 1327 92
1327 1328 357
1328 1329 899
1329 1330 347
1330 1331 871
1331 1332 634
1332 1333 2
1333 1334 591
1334 1335 385
1335 1336 59
1336 1337 128
1337 1338 595
1338 1339 987
1339 1340 98
1340 1341 90
1341 1342 236
1342 1343 728
1343 1344 969
1344 1345 501
1345 1346 465
1346 1347 541
1347 1348 789
1348 1349 211
1349 1350 884
1350 1351 224
1351 1352 832
1352 1353 624
1353 1354 157
1354 1355 715
1355 1356 813
1356 1357 170
1357 1358 753
1358 1359 163
1359 1360 882
1360 1361 936
1361 1362 236
1362 1363 672
1363 1364 425
1364 1365 71
1365 1366 867
1366 1367 594
1367 1368 129
1368 1369 627
1369 1370 334
1370 1371 200
1371 1372 304
1372 1373 127
1373 1374 689
1374 1375 242
1375 1376 490
1376 1377 420
1377 1378 682
1378 1379 416
1379 1380 924
1380 1381 799
1381 1382 453
1382 1383 269
1383 1384 962
1384 1385 890
1385 1386 502
1386 1387 184
1387 1388 994
1388 1389 421
1389 1390 614
1390 1391 43
1391 1392 27
1392 1393 251
1393 1394 957
1394 1395 433
1395 1396 307
1396 1397 893
1397 1398 965
1398 1399 903
1399 1400 907
1400 1401 91
1401 1402 720
1402 1403 303
1403 1404 135
1404 1405 276
1405 1406 993
1406 1407 433
1407 1408 595
1408 1409 770
1409 1410 44
1410 1411 948
1411 1412 428
1412 1413 796
1413 1414 965
1414 1415 794
1415 1416 167
1416 1417 95
1417 1418 485
1418 1419 559
1419 1420 322
1420 1421 667
1421 1422 871
1422 1423 743
1423 1424 593
1424 1425 155
1425 1426 130
1426 1427 546
1427 1428 548
1428 1429 273
1429 1430 781
1430 1431 797
1431 1432 698
1432 1433 247
1433 1434 541
1434 1435 107
1435 1436 401
1436 1437 644
1437 1438 782
1438 1439 415
1439 1440 776
1440 1441 218
1441 1442 303
1442 1443 893
1443 1444 12
1444 1445 869
1445 1446 276
1446 1447 138
1447 1448 799
1448 1449 433
1449 1450 738
1450 1451 767
1451 1452 587
1452 1453 693
1453 1454 505
1454 1455 961
1455 1456 460
1456 1457 616
1457 1458 396
1458 1459 386
1459 1460 282
1460 1461 64
1461 1462 269
1462 1463 565
1463 1464 79
1464 1465 426
1465 1466 505
1466 1467 116
1467 1468 527
1468 1469 587
1469 1470 741
1470 1471 724
1471 1472 909
1472 1473 551
1473 1474 60
1474 1475 421
1475 1476 98
1476 1477 80
1477 1478 19
1478 1479 318
1479 1480 158
1480 1481 31
1481 1482 722
1482 1483 52
1483 1484 72
1484 1485 529
1485 1486 23
1486 1487 600
1487 1488 953
1488 1489 257
1489 1490 750
1490 1491 77
1491 1492 705
1492 1493 649
1493 1494 688
1494 1495 634
1495 1496 15
1496 1497 658
1497 1498 60
1498 1499 211
1499 1500 277
1500 1501 801
1501 1502 17
1502 1503 171
1503 1504 73
1504 1505 556
1505 1506 443
1506 1507 787
1507 1508 915
1508 1509 587
1509 1510 130
1510 1511 284
1511 1512 588
1512 1513 588
1513 1514 732
1514 1515 660
1515 1516 586
1516 1517 200
1517 1518 720
1518 1519 572
1519 1520 270
1520 1521 704
1521 1522 654
1522 1523 597
1523 1524 442
1524 1525 299
1525 1526 149
1526 1527 238
1527 1528 227
1528 1529 22
1529 1530 929
1530 1531 995
1531 1532 564
1532 1533 328
1533 1534 748
1534 1535 199
1535 1536 932
1536 1537 191
1537 1538 891
1538 1539 331
1539 1540 724
1540 1541 618
1541 1542 130
1542 1543 308
1543 1544 184
1544 1545 540
1545 1546 375
1546 1547 434
1547 1548 147
1548 1549 490
1549 1550 132
1550 1551 872
1551 1552 156
1552 1553 37
1553 1554 480
1554 1555 147
1555 1556 85
1556 1557 877
1557 1558 875
1558 1559 385
1559 1560 386
1560 1561 888
1561 1562 546
1562 1563 250
1563 1564 901
1564 1565 987
1565 1566 309
1566 1567 414
1567 1568 913
1568 1569 528
1569 1570 951
1570 1571 643
1571 1572 186
1572 1573 972
1573 1574 350
1574 1575 855
1575 1576 969
1576 1577 261
1577 1578 597
1578 1579 760
1579 1580 674
1580 1581 299
1581 1582 686
1582 1583 949
1583 1584 620
1584 1585 168
1585 1586 105
1586 1587 134
1587 1588 430
1588 1589 791
1589 1590 95
1590 1591 967
1591 1592 32
1592 1593 412
1593 1594 270
1594 1595 759
1595 1596 400
1596 1597 758
1597 1598 746
1598 1599 424
1599 1600 656
1600 1601 776
1601 1602 221
1602 1603 677
1603 1604 976
1604 1605 86
1605 1606 769
1606 1607 593
1607 1608 568
1608 1609 825
1609 1610 145
1610 1611 787
1611 1612 191
1612 1613 114
1613 1614 326
1614 1615 239
1615 1616 744
1616 1617 704
1617 1618 313
1618 1619 612
1619 1620 897
1620 1621 873
1621 1622 64
1622 1623 897
1623 1624 828
1624 1625 366
1625 1626 704
1626 1627 220
1627 1628 244
1628 1629 872
1629 1630 601
1630 1631 250
1631 1632 530
1632 1633 739
1633 1634 798
1634 1635 966
1635 1636 917
1636 1637 444
1637 1638 780
1638 1639 948
1639 1640 649
1640 1641 178
1641 1642 149
1642 1643 581
1643 1644 561
1644 1645 139
1645 1646 993
1646 1647 762
1647 1648 518
1648 1649 77
1649 1650 589
1650 1651 543
1651 1652 146
1652 1653 105
1653 1654 780
1654 1655 470
1655 1656 676
1656 1657 466
1657 1658 754
1658 1659 716
1659 1660 541
1660 1661 170
1661 1662 28
1662 1663 702
1663 1664 157
1664 1665 511
1665 1666 586
1666 1667 694
1667 1668 707
1668 1669 594
1669 1670 473
1670 1671 816
1671 1672 300
1672 1673 506
1673 1674 447
1674 1675 954
1675 1676 38
1676 1677 150
1677 1678 823
1678 1679 121
1679 1680 455
1680 1681 823
1681 1682 847
1682 1683 460
1683 1684 197
1684 1685 129
1685 1686 753
1686 1687 217
1687 1688 658
1688 1689 877
1689 1690 300
1690 1691 194
1691 1692 904
1692 1693 537
1693 1694 264
1694 1695 436
1695 1696 516
1696 1697 120
1697 1698 622
1698 1699 494
1699 1700 153
1700 1701 345
1701 1702 516
1702 1703 877
1703 1704 624
1704 1705 981
1705 1706 10
1706 1707 938
1707 1708 924
1708 1709 886
1709 1710 743
1710 1711 442
1711 1712 758
1712 1713 803
1713 1714 699
1714 1715 244
1715 1716 163
1716 1717 386
1717 1718 335
1718 1719 993
1719 1720 124
1720 1721 680
1721 1722 84
1722 1723 895
1723 1724 387
1724 1725 553
1725 1726 194
1726 1727 278
1727 1728 610
1728 1729 455
1729 1730 68
1730 1731 569
1731 1732 599
1732 1733 151
1733 1734 53
1734 1735 855
1735 1736 433
1736 1737 509
1737 1738 402
1738 1739 191
1739 1740 142
1740 1741 345
1741 1742 195
1742 1743 288
1743 1744 175
1744 1745 332
1745 1746 938
1746 1747 583
1747 1748 297
1748 1749 882
1749 1750 273
1750 1751 183
1751 1752 434
1752 1753 257
1753 1754 237
1754 1755 531
1755 1756 416
1756 1757 71
1757 1758 312
1758 1759 334
1759 1760 547
1760 1761 446
1761 1762 521
1762 1763 598
1763 1764 827
1764 1765 913
1765 1766 15
1766 1767 834
1767 1768 502
1768 1769 178
1769 1770 984
1770 1771 536
1771 1772 946
1772 1773 367
1773 1774 871
1774 1775 270
1775 1776 548
1776 1777 585
1777 1778 782
1778 1779 333
1779 1780 642
1780 1781 282
1781 1782 502
1782 1783 248
1783 1784 224
1784 1785 816
1785 1786 862
1786 1787 662
1787 1788 233
1788 1789 27
1789 1790 741
1790 1791 563
1791 1792 965
1792 1793 760
1793 1794 578
1794 1795 436
1795 1796 56
1796 1797 824
1797 1798 927
1798 1799 60
1799 1800 924
1800 1801 866
1801 1802 940
1802 1803 647
1803 1804 668
1804 1805 722
1805 1806 84
1806 1807 952
1807 1808 674
1808 1809 44
1809 1810 587
1810 1811 600
1811 1812 418
1812 1813 862
1813 1814 794
1814 1815 156
1815 1816 615
1816 1817 295
1817 1818 917
1818 1819 674
1819 1820 208
1820 1821 202
1821 1822 381
1822 1823 59
1823 1824 805
1824 1825 92
1825 1826 845
1826 1827 382
1827 1828 964
1828 1829 199
1829 1830 593
1830 1831 491
1831 1832 721
1832 1833 955
1833 1834 430
1834 1835 741
1835 1836 182
1836 1837 961
1837 1838 556
1838 1839 183
1839 1840 980
1840 1841 966
1841 1842 496
1842 1843 416
1843 1844 251
1844 1845 889
1845 1846 790
1846 1847 426
1847 1848 458
1848 1849 187
1849 1850 383
1850 1851 46
1851 1852 715
1852 1853 694
1853 1854 643
1854 1855 82
1855 1856 313
1856 1857 997
1857 1858 967
1858 1859 367
1859 1860 791
1860 1861 62
1861 1862 490
1862 1863 660
1863 1864 636
1864 1865 220
1865 1866 337
1866 1867 993
1867 1868 324
1868 1869 782
1869 1870 603
1870 1871 806
1871 1872 628
1872 1873 619
1873 1874 106
1874 1875 664
1875 1876 93
1876 1877 139
1877 1878 550
1878 1879 934
1879 1880 109
1880 1881 737
1881 1882 232
1882 1883 497
1883 1884 29
1884 1885 710
1885 1886 545
1886 1887 218
1887 1888 937
1888 1889 437
1889 1890 310
1890 1891 540
1891 1892 291
1892 1893 815
1893 1894 5
1894 1895 869
1895 1896 57
1896 1897 285
1897 1898 18
1898 1899 276
1899 1900 666
1900 1901 913
1901 1902 611
1902 1903 460
1903 1904 189
1904 1905 349
1905 1906 634
1906 1907 833
1907 1908 735
1908 1909 907
1909 1910 651
1910 1911 211
1911 1912 708
1912 1913 776
1913 1914 421
1914 1915 309
1915 1916 722
1916 1917 508
1917 1918 200
1918 1919 958
1919 1920 462
1920 1921 208
1921 1922 191
1922 1923 711
1923 1924 601
1924 1925 137
1925 1926 579
1926 1927 239
1927 1928 894
1928 1929 116
1929 1930 916
1930 1931 573
1931 1932 648
1932 1933 344
1933 1934 752
1934 1935 340
1935 1936 996
1936 1937 627
1937 1938 615
1938 1939 686
1939 1940 420
1940 1941 81
1941 1942 99
1942 1943 857
1943 1944 210
1944 1945 490
1945 1946 646
1946 1947 166
1947 1948 77
1948 1949 152
1949 1950 442
1950 1951 974
1951 1952 816
1952 1953 745
1953 1954 747
1954 1955 4
1955 1956 284
1956 1957 541
1957 1958 134
1958 1959 254
1959 1960 887
1960 1961 853
1961 1962 813
1962 1963 669
1963 1964 283
1964 1965 388
1965 1966 569
1966 1967 563
1967 1968 705
1968 1969 597
1969 1970 813
1970 1971 965
1971 1972 810
1972 1973 46
1973 1974 17
1974 1975 710
1975 1976 262
1976 1977 579
1977 1978 362
1978 1979 32
1979 1980 513
1980 1981 12
1981 1982 57
1982 1983 961
1983 1984 1000
1984 1985 198
1985 1986 343
1986 1987 507
1987 1988 524
1988 1989 545
1989 1990 908
1990 1991 285
1991 1992 788
1992 1993 581
1993 1994 58
1994 1995 379
1995 1996 941
1996 1997 810
1997 1998 263
1998 1999 67
1999 2000 122
1 2000 50

2 1 1
3
3
1 2 6

3 3 1
1
2
1
1 2 5
1 3 5
2 3 5

50 50 5
47
89
13
24
90
35
7
64
56
52
99
21
86
73
61
41
2
18
33
67
60
25
95
54
46
29
84
78
59
23
19
32
51
10
70
9
42
28
63
48
68
40
91
38
11
77
44
14
98
22
1 2 127
2 3 434
3 4 281
4 5 17
5 6 295
6 7 440
7 8 80
8 9 251
9 10 489
10 11 310
11 12 371
12 13 179
13 14 322
14 15 36
15 16 264
16 17 465
17 18 211
18 19 454
19 20 2
20 21 325
21 22 408
22 23 394
23 24 154
24 25 111
25 26 21
26 27 412
27 28 496
28 29 162
29 30 213
30 31 498
31 32 120
32 33 403
33 34 474
34 35 472
35 36 377
36 37 50
37 38 446
38 39 484
39 40 278
40 41 467
41 42 348
42 43 76
43 44 441
44 45 481
45 46 398
46 47 192
47 48 360
48 49 5
49 50 187
50 1 83

10 20 1
16
2
17
12
15
10
6
18
8
9
1 9 8
1 3 5
1 10 1
1 2 10
2 3 4
2 5 6
2 10 5
2 4 3
3 8 9
3 7 1
4 10 5
4 9 9
4 8 6
5 8 5
5 7 1
5 9 10
6 9 9
6 10 6
8 10 3
8 9 2

3 3 1
18
2
1
1 2 5
1 3 3
2 3 2

8 5 1
8
15
16
19
8
3
16
18
1 2 4
2 3 9
2 5 10
5 8 5
5 6 3

3 3 1
2
6
19
1 2 9
1 3 5
2 3 9